# YOLOv5 Hyperparameter Evolution Results
# Best generation: 0
# Last generation: 3
#    metrics/precision,       metrics/recall,      metrics/mAP_0.5, metrics/mAP_0.5:0.95,         val/box_loss,         val/obj_loss,         val/cls_loss
#              0.75874,              0.58897,              0.63941,              0.38833,             0.027683,             0.022591,             0.020102

lr0: 0.011
lrf: 0.10213
momentum: 0.94534
weight_decay: 0.00083
warmup_epochs: 3.24426
warmup_momentum: 0.92408
warmup_bias_lr: 0.09291
box: 0.03548
cls: 0.80934
cls_pw: 0.64421
obj: 1.42483
obj_pw: 0.80299
iou_t: 0.2
anchor_t: 4.1406
fl_gamma: 0.0
hsv_h: 0.01671
hsv_s: 0.9
hsv_v: 0.2946
degrees: 0.0
translate: 0.09614
scale: 0.64458
shear: 0.0
perspective: 0.0
flipud: 0.0
fliplr: 0.5
mosaic: 1.0
mixup: 0.0
copy_paste: 0.0
anchors: 2.3585
