# YOLOv5 Hyperparameter Evolution Results
# Best generation: 20
# Last generation: 29
#    metrics/precision,       metrics/recall,      metrics/mAP_0.5, metrics/mAP_0.5:0.95,         val/box_loss,         val/obj_loss,         val/cls_loss
#              0.76588,              0.55155,              0.64533,               0.3919,             0.020951,               0.0192,             0.017695

lr0: 0.0112
lrf: 0.09838
momentum: 0.9305
weight_decay: 0.00086
warmup_epochs: 3.33759
warmup_momentum: 0.82179
warmup_bias_lr: 0.08828
box: 0.03684
cls: 0.77499
cls_pw: 0.63156
obj: 1.45916
obj_pw: 0.77892
iou_t: 0.2
anchor_t: 4.23963
fl_gamma: 0.0
hsv_h: 0.01634
hsv_s: 0.86408
hsv_v: 0.30727
degrees: 0.0
translate: 0.10271
scale: 0.60587
shear: 0.0
perspective: 0.0
flipud: 0.0
fliplr: 0.5
mosaic: 0.86118
mixup: 0.0
copy_paste: 0.0
anchors: 2.08577
