# YOLOv5 Hyperparameter Evolution Results
# Best generation: 0
# Last generation: 17
#    metrics/precision,       metrics/recall,      metrics/mAP_0.5, metrics/mAP_0.5:0.95,         val/box_loss,         val/obj_loss,         val/cls_loss
#              0.32732,              0.35255,              0.26149,             0.082798,              0.07541,             0.036832,            0.0076167

lr0: 0.0133
lrf: 0.10911
momentum: 0.9203
weight_decay: 0.00049
warmup_epochs: 2.38276
warmup_momentum: 0.52798
warmup_bias_lr: 0.11432
box: 0.03075
cls: 0.60799
cls_pw: 0.65352
obj: 1.04075
obj_pw: 1.49776
iou_t: 0.2
anchor_t: 3.8615
fl_gamma: 0.0
hsv_h: 0.01216
hsv_s: 0.57359
hsv_v: 0.28588
degrees: 0.0
translate: 0.07335
scale: 0.51185
shear: 0.0
perspective: 0.0
flipud: 0.0
fliplr: 0.5
mosaic: 0.77768
mixup: 0.0
copy_paste: 0.0
anchors: 4.2435
