# YOLOv5 Hyperparameter Evolution Results
# Best generation: 155
# Last generation: 173
#    metrics/precision,       metrics/recall,      metrics/mAP_0.5, metrics/mAP_0.5:0.95,         val/box_loss,         val/obj_loss,         val/cls_loss
#              0.41956,              0.30934,              0.28205,             0.090493,             0.070997,             0.033657,            0.0071285

lr0: 0.00987
lrf: 0.10848
momentum: 0.98
weight_decay: 0.0006
warmup_epochs: 3.1754
warmup_momentum: 0.94648
warmup_bias_lr: 0.09629
box: 0.05001
cls: 0.49494
cls_pw: 0.9205
obj: 0.741
obj_pw: 1.08095
iou_t: 0.2
anchor_t: 4.97013
fl_gamma: 0.0
hsv_h: 0.01876
hsv_s: 0.8412
hsv_v: 0.26392
degrees: 0.0
translate: 0.09106
scale: 0.50127
shear: 0.0
perspective: 0.0
flipud: 0.0
fliplr: 0.5
mosaic: 1.0
mixup: 0.0
copy_paste: 0.0
anchors: 2.1755
